1,1,119.58,332.29,139.79000000000002,62.31999999999999,1,1,1.0
1,2,209.68,247.24,91.79000000000002,44.629999999999995,1,1,1.0
1,3,733.47,267.45,73.23000000000002,38.75,1,1,1.0
2,1,97.68,335.66,139.79,62.31999999999999,1,1,1.0
2,2,209.68,247.24,91.79000000000002,44.629999999999995,1,1,1.0
2,3,721.68,269.14,73.23000000000002,38.74000000000001,1,1,1.0
3,1,71.6,339.03,145.66,63.170000000000016,1,1,1.0
3,2,209.68,247.24,91.79000000000002,44.629999999999995,1,1,1.0
3,3,708.21,268.3,73.23000000000002,42.94999999999999,1,1,1.0
4,1,48.86,344.08,145.67000000000002,63.170000000000016,1,1,1.0
4,2,209.68,247.24,91.79000000000002,44.629999999999995,1,1,1.0
4,3,690.53,270.83,78.26999999999998,42.94999999999999,1,1,1.0
5,1,21.07,348.3,149.83,63.15999999999997,1,1,1.0
5,2,209.68,247.24,91.79000000000002,44.629999999999995,1,1,1.0
5,3,676.21,274.19,78.26999999999998,42.95999999999998,1,1,1.0
6,1,0.02,350.82,149.82999999999998,63.170000000000016,1,1,1.0
6,2,209.68,247.24,91.79000000000002,44.629999999999995,1,1,1.0
6,3,663.58,273.35,78.26999999999998,42.95999999999998,1,1,1.0
7,1,0.02,354.2,127.98,68.19999999999999,1,1,1.0
7,2,209.68,247.24,91.79000000000002,44.629999999999995,1,1,1.0
7,3,646.7,275.04,85.88999999999999,44.65999999999997,1,1,1.0
8,1,0.02,354.2,104.38000000000001,75.80000000000001,1,1,1.0
8,2,209.68,247.24,91.79000000000002,44.629999999999995,1,1,1.0
8,3,633.23,278.41,85.88999999999999,44.65999999999997,1,1,1.0
9,1,0.02,361.8,78.38000000000001,64.80000000000001,1,1,1.0
9,2,209.68,247.24,91.79000000000002,44.629999999999995,1,1,1.0
9,3,620.59,280.93,85.88999999999999,44.65999999999997,1,1,1.0
10,1,0.02,361.8,55.68,64.80000000000001,1,1,1.0
10,2,209.68,247.24,91.79000000000002,44.629999999999995,1,1,1.0
10,3,601.23,283.46,85.88999999999999,44.660000000000025,1,1,1.0
11,1,0.02,380.3,27.080000000000002,51.39999999999998,1,1,1.0
11,2,209.68,247.24,91.79000000000002,44.629999999999995,1,1,1.0
11,3,588.6,285.14,85.88999999999999,44.670000000000016,1,1,1.0
12,2,209.68,247.24,91.79000000000002,44.629999999999995,1,1,1.0
12,3,574.28,285.98,85.88999999999999,44.66999999999996,1,1,1.0
13,2,209.68,247.24,91.79000000000002,44.629999999999995,1,1,1.0
13,3,559.12,287.67,85.88999999999999,44.65999999999997,1,1,1.0
14,2,209.68,247.24,91.79000000000002,44.629999999999995,1,1,1.0
14,3,544.81,291.88,85.8900000000001,44.660000000000025,1,1,1.0
15,2,209.68,247.24,91.79000000000002,44.629999999999995,1,1,1.0
15,3,528.0,294.41,88.39999999999998,48.089999999999975,1,1,1.0
16,2,209.68,247.24,91.79000000000002,44.629999999999995,1,1,1.0
16,3,511.16,296.09,93.44,48.09000000000003,1,1,1.0
17,2,209.68,247.24,91.79000000000002,44.629999999999995,1,1,1.0
17,3,492.63,299.46,93.44000000000005,48.09000000000003,1,1,1.0
18,2,209.68,247.24,91.79000000000002,44.629999999999995,1,1,1.0
18,3,472.42,300.3,98.47999999999996,48.099999999999966,1,1,1.0
19,2,209.68,247.24,91.79000000000002,44.629999999999995,1,1,1.0
19,3,452.21,301.98,104.39000000000004,55.71999999999997,1,1,1.0
20,2,209.68,247.24,91.79000000000002,44.629999999999995,1,1,1.0
20,3,438.74,304.51,104.38999999999999,55.72000000000003,1,1,1.0
21,2,209.68,247.24,91.79000000000002,44.629999999999995,1,1,1.0
21,3,422.74,307.04,104.38999999999999,55.70999999999998,1,1,1.0
22,2,209.68,247.24,91.79000000000002,44.629999999999995,1,1,1.0
22,3,403.37,310.4,106.02999999999997,55.72000000000003,1,1,1.0
23,2,209.68,247.24,91.79000000000002,44.629999999999995,1,1,1.0
23,3,386.53,312.93,106.03000000000003,55.71999999999997,1,1,1.0
24,2,209.68,247.24,91.79000000000002,44.629999999999995,1,1,1.0
24,3,368.0,317.14,106.02999999999997,55.72000000000003,1,1,1.0
25,2,209.68,247.24,91.79000000000002,44.629999999999995,1,1,1.0
25,3,347.79,320.51,110.20999999999998,59.889999999999986,1,1,1.0
26,2,209.68,247.24,91.79000000000002,44.629999999999995,1,1,1.0
26,3,326.74,321.3,115.25999999999999,63.31,1,1,1.0
27,2,209.68,247.24,91.79000000000002,44.629999999999995,1,1,1.0
27,3,308.21,324.67,115.26000000000005,63.31,1,1,1.0
28,2,209.68,247.24,91.79000000000002,44.629999999999995,1,1,1.0
28,3,289.68,329.72,115.26999999999998,63.309999999999945,1,1,1.0
29,2,209.68,247.24,91.79000000000002,44.629999999999995,1,1,1.0
29,3,265.3,331.41,120.27999999999997,66.69,1,1,1.0
30,2,209.68,247.24,91.79000000000002,44.629999999999995,1,1,1.0
30,3,243.4,334.77,121.99999999999997,66.70000000000005,1,1,1.0
31,2,209.68,247.24,91.79000000000002,44.629999999999995,1,1,1.0
31,3,219.83,338.12,130.36999999999998,70.08999999999997,1,1,1.0
32,2,209.68,247.24,91.79000000000002,44.629999999999995,1,1,1.0
32,3,199.61,343.17,130.38,70.08999999999997,1,1,1.0
33,2,209.68,247.24,91.79000000000002,44.629999999999995,1,1,1.0
33,3,171.83,345.7,137.97,69.19999999999999,1,1,1.0
34,2,209.68,247.24,91.79000000000002,44.629999999999995,1,1,1.0
34,3,150.77,350.75,137.98,69.19999999999999,1,1,1.0
35,2,209.68,247.24,91.79000000000002,44.629999999999995,1,1,1.0
35,3,123.8,355.0,142.20999999999998,73.39999999999998,1,1,1.0
36,2,209.68,247.24,91.79000000000002,44.629999999999995,1,1,1.0
36,3,98.54,353.3,149.76,81.83999999999997,1,1,1.0
37,2,209.68,247.24,91.79000000000002,44.629999999999995,1,1,1.0
37,3,70.7,363.4,154.89999999999998,75.11000000000001,1,1,1.0
38,2,209.68,247.24,91.79000000000002,44.629999999999995,1,1,1.0
38,3,44.59,364.2,155.71,81.88,1,1,1.0
39,2,209.68,247.24,91.79000000000002,44.629999999999995,1,1,1.0
39,3,13.44,366.7,167.46,84.44,1,1,1.0
40,2,209.68,247.24,91.79000000000002,44.629999999999995,1,1,1.0
40,3,0.81,377.65,154.79,80.25,1,1,1.0
41,2,209.68,247.24,91.79000000000002,44.629999999999995,1,1,1.0
41,3,0.81,377.65,127.88999999999999,86.15000000000003,1,1,1.0
42,2,209.68,247.24,91.79000000000002,44.629999999999995,1,1,1.0
42,3,0.81,379.3,100.99,89.59999999999997,1,1,1.0
43,2,209.68,247.24,91.79000000000002,44.629999999999995,1,1,1.0
43,3,0.81,383.5,82.49,85.39999999999998,1,1,1.0
44,2,209.68,247.24,91.79000000000002,44.629999999999995,1,1,1.0
44,3,0.81,395.3,53.89,73.59999999999997,1,1,1.0
45,2,209.68,247.24,91.79000000000002,44.629999999999995,1,1,1.0
45,3,0.81,405.4,24.39,63.5,1,1,1.0
46,2,209.68,247.24,91.79000000000002,44.629999999999995,1,1,1.0
47,2,209.68,247.24,91.79000000000002,44.629999999999995,1,1,1.0
48,2,209.68,247.24,91.79000000000002,44.629999999999995,1,1,1.0
49,2,209.68,247.24,91.79000000000002,44.629999999999995,1,1,1.0
50,2,209.68,247.24,91.79000000000002,44.629999999999995,1,1,1.0
51,2,209.68,247.24,91.79000000000002,44.629999999999995,1,1,1.0
51,4,949.81,235.45,9.350000000000023,48.84000000000003,1,1,1.0
52,2,209.68,247.24,91.79000000000002,44.629999999999995,1,1,1.0
52,4,945.16,229.58,14.0,54.72,1,1,1.0
53,2,209.68,247.24,91.79000000000002,44.629999999999995,1,1,1.0
53,4,940.5,223.7,18.659999999999968,60.60000000000002,1,1,1.0
54,2,209.68,247.24,91.79000000000002,44.629999999999995,1,1,1.0
54,4,937.1,223.7,22.059999999999945,63.10000000000002,1,1,1.0
54,5,939.79,234.61,17.680000000000064,25.25999999999999,1,1,0.0
55,2,209.68,247.24,91.79000000000002,44.629999999999995,1,1,1.0
55,4,932.0,223.7,27.159999999999968,64.80000000000001,1,1,1.0
55,5,934.74,237.14,17.67999999999995,25.25999999999999,1,1,0.0
56,2,209.68,247.24,91.79000000000002,44.629999999999995,1,1,1.0
56,4,924.4,223.7,34.75999999999999,66.5,1,1,1.0
56,5,932.21,241.35,17.68999999999994,25.26000000000002,1,1,0.0
57,2,209.68,247.24,91.79000000000002,44.629999999999995,1,1,1.0
57,4,920.6,223.7,38.559999999999945,66.5,1,1,1.0
57,5,928.84,241.35,17.68999999999994,25.26000000000002,1,1,0.0
58,2,209.68,247.24,91.79000000000002,44.629999999999995,1,1,1.0
58,4,916.8,223.7,42.360000000000014,66.5,1,1,1.0
58,5,922.1,242.19,17.68999999999994,25.25999999999999,1,1,0.0
59,2,209.68,247.24,91.79000000000002,44.629999999999995,1,1,1.0
59,4,911.7,223.7,47.45999999999992,71.60000000000002,1,1,1.0
59,5,917.89,244.72,17.690000000000055,25.26000000000002,1,1,0.0
60,2,209.68,247.24,91.79000000000002,44.629999999999995,1,1,1.0
60,4,907.5,223.7,51.65999999999997,73.30000000000001,1,1,1.0
60,5,911.16,242.19,17.680000000000064,25.25999999999999,1,1,0.0
61,2,209.68,247.24,91.79000000000002,44.629999999999995,1,1,1.0
61,4,899.9,223.7,59.25999999999999,74.10000000000002,1,1,1.0
61,5,904.42,244.72,17.680000000000064,25.26000000000002,1,1,0.0
62,2,209.68,247.24,91.79000000000002,44.629999999999995,1,1,1.0
62,4,897.4,223.7,61.75999999999999,77.5,1,1,1.0
62,5,899.37,245.56,17.67999999999995,25.25999999999999,1,1,0.0
63,2,209.68,247.24,91.79000000000002,44.629999999999995,1,1,1.0
63,4,890.7,223.7,68.45999999999992,80.90000000000003,1,1,1.0
63,5,893.47,247.24,17.68999999999994,25.269999999999982,1,1,0.0
64,2,209.68,247.24,91.79000000000002,44.629999999999995,1,1,1.0
64,4,884.8,223.7,74.36000000000001,83.40000000000003,1,1,1.0
64,5,886.74,248.09,17.67999999999995,25.26000000000002,1,1,0.0
65,2,209.68,247.24,91.79000000000002,44.629999999999995,1,1,1.0
65,4,876.4,223.7,82.75999999999999,83.40000000000003,1,1,1.0
65,5,882.53,249.77,17.680000000000064,25.259999999999962,1,1,0.0
66,2,209.68,247.24,91.79000000000002,44.629999999999995,1,1,1.0
66,4,868.8,223.7,90.36000000000001,85.90000000000003,1,1,1.0
66,5,874.95,250.61,17.67999999999995,25.25999999999999,1,1,0.0
67,2,209.68,247.24,91.79000000000002,44.629999999999995,1,1,1.0
67,4,863.7,223.7,95.45999999999992,87.60000000000002,1,1,1.0
67,5,866.53,253.98,17.680000000000064,25.26000000000002,1,1,0.0
68,2,209.68,247.24,91.79000000000002,44.629999999999995,1,1,1.0
68,4,855.3,223.7,103.86000000000001,89.30000000000001,1,1,1.0
68,5,858.95,252.3,17.67999999999995,25.25999999999999,1,1,0.0
69,2,209.68,247.24,91.79000000000002,44.629999999999995,1,1,1.0
69,4,851.5,223.7,107.65999999999997,89.69999999999999,1,1,1.0
69,5,854.74,253.98,17.67999999999995,25.26000000000002,1,1,0.0
70,2,209.68,247.24,91.79000000000002,44.629999999999995,1,1,1.0
70,4,847.7,223.7,111.45999999999992,90.10000000000002,1,1,1.0
70,5,848.84,256.51,17.68999999999994,25.25999999999999,1,1,0.0
71,2,209.68,247.24,91.79000000000002,44.629999999999995,1,1,1.0
71,4,840.1,223.7,119.05999999999995,92.60000000000002,1,1,1.0
71,5,842.1,256.51,33.69999999999993,26.99000000000001,1,1,0.0
72,2,209.68,247.24,91.79000000000002,44.629999999999995,1,1,1.0
72,4,830.0,227.1,129.15999999999997,89.20000000000002,1,1,1.0
72,5,835.36,256.51,33.69999999999993,26.99000000000001,1,1,0.0
73,2,209.68,247.24,91.79000000000002,44.629999999999995,1,1,1.0
73,4,827.5,227.1,131.65999999999997,90.00000000000003,1,1,1.0
73,5,825.26,256.51,33.700000000000045,26.99000000000001,1,1,0.0
74,2,209.68,247.24,91.79000000000002,44.629999999999995,1,1,1.0
74,4,822.4,225.4,136.76,93.4,1,1,1.0
74,5,816.0,256.51,33.700000000000045,26.99000000000001,1,1,0.0
75,2,209.68,247.24,91.79000000000002,44.629999999999995,1,1,1.0
75,4,810.6,227.1,148.55999999999995,94.20000000000002,1,1,1.0
75,5,807.6,256.51,36.19999999999993,27.79000000000002,1,1,0.0
76,2,209.68,247.24,91.79000000000002,44.629999999999995,1,1,1.0
76,4,803.0,229.6,156.15999999999997,96.79999999999998,1,1,1.0
76,5,799.18,258.19,36.200000000000045,27.79000000000002,1,1,0.0
77,2,209.68,247.24,91.79000000000002,44.629999999999995,1,1,1.0
77,4,793.7,229.6,165.45999999999992,99.29999999999998,1,1,1.0
77,5,787.39,259.03,36.200000000000045,27.80000000000001,1,1,0.0
78,2,209.68,247.24,91.79000000000002,44.629999999999995,1,1,1.0
78,4,787.0,229.6,172.15999999999997,100.1,1,1,1.0
78,5,781.49,259.03,36.200000000000045,27.80000000000001,1,1,0.0
79,2,209.68,247.24,91.79000000000002,44.629999999999995,1,1,1.0
79,4,779.4,233.8,174.70000000000005,98.39999999999998,1,1,1.0
79,5,771.39,261.56,36.200000000000045,27.79000000000002,1,1,0.0
79,6,947.37,234.61,12.629999999999995,36.20999999999998,1,1,0.0
80,2,209.68,247.24,91.79000000000002,44.629999999999995,1,1,1.0
80,4,765.9,232.1,182.30000000000007,102.6,1,1,1.0
80,5,757.91,262.4,36.200000000000045,27.79000000000002,1,1,0.0
80,6,942.74,235.03,12.629999999999995,36.21000000000001,1,1,0.0
81,2,209.68,247.24,91.79000000000002,44.629999999999995,1,1,1.0
81,4,761.69,232.1,182.29999999999995,102.6,1,1,1.0
81,5,749.49,262.4,36.200000000000045,27.79000000000002,1,1,0.0
81,6,938.11,235.45,12.629999999999995,36.210000000000036,1,1,0.0
82,2,209.68,247.24,91.79000000000002,44.629999999999995,1,1,1.0
82,4,755.79,232.1,182.30000000000007,102.6,1,1,1.0
82,5,738.55,262.4,36.200000000000045,27.79000000000002,1,1,0.0
82,6,933.05,236.29,12.6400000000001,36.22,1,1,0.0
83,2,209.68,247.24,91.79000000000002,44.629999999999995,1,1,1.0
83,4,745.69,235.47,182.29999999999995,102.6,1,1,1.0
83,5,730.12,263.24,36.210000000000036,27.80000000000001,1,1,0.0
83,6,925.47,235.45,12.639999999999986,36.210000000000036,1,1,0.0
84,2,209.68,247.24,91.79000000000002,44.629999999999995,1,1,1.0
84,4,734.7,237.99,186.54999999999995,103.40999999999997,1,1,1.0
84,5,720.02,265.77,36.200000000000045,27.79000000000002,1,1,0.0
84,6,918.74,236.29,12.629999999999995,36.22,1,1,0.0
85,2,209.68,247.24,91.79000000000002,44.629999999999995,1,1,1.0
85,4,722.1,238.84,196.63,103.35999999999999,1,1,1.0
85,5,708.23,266.61,36.19999999999993,27.80000000000001,1,1,0.0
85,6,912.84,236.29,12.639999999999986,36.22,1,1,0.0
86,2,209.68,247.24,91.79000000000002,44.629999999999995,1,1,1.0
86,4,715.36,240.52,196.63,103.35999999999999,1,1,1.0
86,5,695.6,261.6,41.25,32.81,1,1,0.0
86,6,910.32,236.29,12.629999999999995,36.22,1,1,0.0
87,2,209.68,247.24,91.79000000000002,44.629999999999995,1,1,1.0
87,4,707.8,239.68,199.1400000000001,104.21999999999997,1,1,1.0
87,5,686.34,262.44,41.25,32.81,1,1,0.0
87,6,903.58,236.29,12.629999999999995,36.22,1,1,0.0
88,2,209.68,247.24,91.79000000000002,44.629999999999995,1,1,1.0
88,4,698.5,241.36,203.38,107.63999999999999,1,1,1.0
88,5,676.23,263.28,41.25,32.81,1,1,0.0
88,6,893.48,241.35,12.629999999999995,36.21000000000001,1,1,0.0
89,2,209.68,247.24,91.79000000000002,44.629999999999995,1,1,1.0
89,4,685.9,241.36,208.39999999999998,111.03999999999996,1,1,1.0
89,5,661.07,264.97,41.25999999999999,32.799999999999955,1,1,0.0
89,6,887.58,241.35,12.629999999999995,36.21000000000001,1,1,0.0
90,2,209.68,247.24,91.79000000000002,44.629999999999995,1,1,1.0
90,4,678.32,243.05,210.07999999999993,111.02999999999997,1,1,1.0
90,5,650.97,265.81,41.25,32.80000000000001,1,1,0.0
90,6,880.0,241.35,12.629999999999995,36.21000000000001,1,1,0.0
91,2,209.68,247.24,91.79000000000002,44.629999999999995,1,1,1.0
91,4,664.0,243.89,215.99,111.04000000000002,1,1,1.0
91,5,640.86,265.81,41.25999999999999,32.80000000000001,1,1,0.0
91,6,874.11,241.35,12.629999999999995,36.21000000000001,1,1,0.0
92,2,209.68,247.24,91.79000000000002,44.629999999999995,1,1,1.0
92,4,657.27,245.58,215.98000000000002,111.03,1,1,1.0
92,5,626.55,267.49,41.25,32.81,1,1,0.0
92,6,868.21,240.51,12.629999999999995,36.210000000000036,1,1,0.0
93,2,209.68,247.24,91.79000000000002,44.629999999999995,1,1,1.0
93,4,647.16,250.63,215.98000000000002,111.03000000000003,1,1,1.0
93,5,608.9,266.7,79.10000000000002,33.60000000000002,1,1,0.0
93,6,857.26,242.19,16.00999999999999,39.55000000000001,1,1,0.0
94,2,209.68,247.24,91.79000000000002,44.629999999999995,1,1,1.0
94,4,632.0,248.94,225.25,116.06,1,1,1.0
94,5,598.8,266.7,79.10000000000002,33.60000000000002,1,1,0.0
94,6,832.8,242.19,33.74000000000001,39.55000000000001,1,1,0.0
95,2,209.68,247.24,91.79000000000002,44.629999999999995,1,1,1.0
95,4,621.88,247.26,229.48000000000002,123.60000000000002,1,1,1.0
95,5,586.16,266.7,79.10000000000002,33.60000000000002,1,1,0.0
95,6,818.5,242.19,37.92999999999995,39.55000000000001,1,1,0.0
96,2,209.68,247.24,91.79000000000002,44.629999999999995,1,1,1.0
96,4,610.94,244.73,229.4699999999999,123.6,1,1,1.0
96,5,576.06,266.7,79.10000000000002,33.60000000000002,1,1,0.0
96,6,804.2,243.87,43.809999999999945,37.02999999999997,1,1,0.0
97,2,209.68,247.24,91.79000000000002,44.629999999999995,1,1,1.0
97,4,594.9,248.94,239.61,131.16000000000003,1,1,1.0
97,5,560.9,268.38,79.10000000000002,33.60000000000002,1,1,0.0
97,6,794.1,246.4,48.860000000000014,33.70000000000002,1,1,0.0
98,2,209.68,247.24,91.79000000000002,44.629999999999995,1,1,1.0
98,4,588.16,251.47,239.62,131.16,1,1,1.0
98,5,549.95,269.2,88.34999999999991,34.47000000000003,1,1,0.0
98,6,788.2,246.4,43.809999999999945,27.799999999999983,1,1,0.0
99,2,209.68,247.24,91.79000000000002,44.629999999999995,1,1,1.0
99,4,568.8,251.47,252.24,132.03,1,1,1.0
99,5,535.64,269.2,88.34000000000003,34.47000000000003,1,1,0.0
99,6,778.94,246.4,43.809999999999945,27.799999999999983,1,1,0.0
100,2,209.68,247.24,91.79000000000002,44.629999999999995,1,1,1.0
100,4,560.38,252.31,252.24,132.02999999999997,1,1,1.0
100,5,518.79,269.2,88.35000000000002,34.47000000000003,1,1,0.0
100,6,761.3,248.08,52.180000000000064,27.799999999999983,1,1,0.0
101,2,209.68,247.24,91.79000000000002,44.629999999999995,1,1,1.0
101,4,543.5,254.0,260.70000000000005,132.07,1,1,1.0
101,5,507.0,268.4,101.0,35.27000000000004,1,1,0.0
101,6,752.04,249.77,52.180000000000064,27.799999999999983,1,1,0.0
102,2,209.68,247.24,91.79000000000002,44.629999999999995,1,1,1.0
102,4,535.08,261.57,260.69999999999993,132.07999999999998,1,1,1.0
102,5,491.8,271.77,105.24999999999994,37.83000000000004,1,1,0.0
102,6,733.5,249.77,61.460000000000036,27.799999999999983,1,1,0.0
103,2,209.68,247.24,91.79000000000002,44.629999999999995,1,1,1.0
103,4,519.1,259.05,267.40999999999997,137.14999999999998,1,1,1.0
103,5,476.64,271.77,105.25,37.83000000000004,1,1,0.0
103,6,725.92,249.77,61.460000000000036,27.799999999999983,1,1,0.0
104,2,209.68,247.24,91.79000000000002,44.629999999999995,1,1,1.0
104,4,504.8,259.89,274.14000000000004,141.41000000000003,1,1,1.0
104,5,465.7,271.77,105.25000000000006,37.83000000000004,1,1,0.0
104,6,716.66,250.61,61.460000000000036,27.80000000000001,1,1,0.0
105,2,209.68,247.24,91.79000000000002,44.629999999999995,1,1,1.0
105,4,486.3,264.1,282.53000000000003,141.39999999999998,1,1,1.0
105,5,453.91,270.08,105.24999999999994,37.84000000000003,1,1,0.0
105,6,706.55,250.61,61.460000000000036,27.80000000000001,1,1,0.0
105,7,944.84,216.93,15.159999999999968,48.839999999999975,1,1,1.0
106,2,209.68,247.24,91.79000000000002,44.629999999999995,1,1,1.0
106,4,473.7,259.05,285.02000000000004,148.95,1,1,1.0
106,5,435.4,272.61,111.13,41.19,1,1,0.0
106,6,684.7,251.45,74.88999999999999,27.80000000000001,1,1,0.0
106,7,942.32,220.29,15.149999999999977,48.849999999999994,1,1,1.0
107,2,209.68,247.24,91.79000000000002,44.629999999999995,1,1,1.0
107,4,456.9,261.57,295.93000000000006,150.63,1,1,1.0
107,5,424.45,272.61,111.13000000000005,41.19,1,1,1.0
107,6,670.38,252.29,74.88999999999999,27.799999999999983,1,1,0.0
107,7,935.6,220.29,21.870000000000005,52.21000000000001,1,1,1.0
108,2,209.68,247.24,91.79000000000002,44.629999999999995,1,1,1.0
108,4,447.64,264.94,295.93000000000006,150.63,1,1,1.0
108,5,412.66,272.61,111.12999999999994,41.19,1,1,1.0
108,6,658.59,252.29,74.88999999999999,27.799999999999983,1,1,0.0
108,7,936.4,211.0,21.07000000000005,61.5,1,1,1.0
109,2,209.68,247.24,91.79000000000002,44.629999999999995,1,1,1.0
109,4,422.4,267.47,310.22,150.63,1,1,1.0
109,5,396.66,272.61,111.13,41.19,1,1,1.0
109,6,645.96,252.29,74.88999999999999,27.799999999999983,1,1,0.0
109,7,928.0,211.0,32.0,60.60000000000002,1,1,1.0
110,2,209.68,247.24,91.79000000000002,44.629999999999995,1,1,1.0
110,4,411.5,264.94,310.16999999999996,162.45999999999998,1,1,1.0
110,5,385.72,272.61,111.11999999999995,41.19,1,1,1.0
110,6,635.02,252.29,74.88,27.799999999999983,1,1,0.0
110,7,922.1,211.0,37.89999999999998,61.39999999999998,1,1,1.0
111,2,209.68,247.24,91.79000000000002,44.629999999999995,1,1,1.0
111,4,389.65,269.15,328.65,162.46000000000004,1,1,1.0
111,5,366.35,273.45,111.12,41.19,1,1,1.0
111,6,608.1,252.29,92.53999999999996,27.799999999999983,1,1,0.0
111,7,918.75,211.0,41.25,61.80000000000001,1,1,1.0
112,2,209.68,247.24,91.79000000000002,44.629999999999995,1,1,1.0
112,4,375.33,270.0,328.66,162.45,1,1,1.0
112,5,356.24,276.82,111.13,41.19,1,1,1.0
112,6,594.63,253.98,92.53999999999996,27.799999999999983,1,1,0.0
112,7,915.4,211.0,44.60000000000002,62.19999999999999,1,1,1.0
113,2,209.68,247.24,91.79000000000002,44.629999999999995,1,1,1.0
113,4,359.33,276.73,328.66,162.45999999999998,1,1,1.0
113,5,343.61,276.82,111.13,41.19,1,1,1.0
113,6,583.68,254.82,92.54000000000008,27.80000000000001,1,1,0.0
113,7,912.9,211.0,47.10000000000002,62.19999999999999,1,1,1.0
114,2,209.68,247.24,91.79000000000002,44.629999999999995,1,1,1.0
114,4,338.3,277.57,340.43,168.32999999999998,1,1,1.0
114,5,330.14,276.82,111.12,41.19,1,1,1.0
114,6,573.57,256.5,92.53999999999996,27.80000000000001,1,1,0.0
114,7,905.3,211.0,54.700000000000045,63.0,1,1,1.0
115,2,209.68,247.24,91.79000000000002,44.629999999999995,1,1,1.0
115,4,313.9,280.94,353.0400000000001,172.56,1,1,1.0
115,5,314.14,276.82,111.12,41.19,1,1,1.0
115,6,558.42,257.35,92.54000000000008,27.799999999999955,1,1,0.0
115,7,901.9,211.0,58.10000000000002,64.69999999999999,1,1,1.0
116,2,209.68,247.24,91.79000000000002,44.629999999999995,1,1,1.0
116,4,298.7,276.73,359.82,178.46999999999997,1,1,1.0
116,5,297.3,276.82,114.49000000000001,42.079999999999984,1,1,1.0
116,6,545.78,259.03,92.54000000000008,27.80000000000001,1,1,0.0
116,7,896.0,211.0,64.0,65.5,1,1,1.0
117,2,209.68,247.24,91.79000000000002,44.629999999999995,1,1,1.0
117,4,277.6,282.62,369.97,177.68,1,1,1.0
117,5,280.5,277.66,118.66000000000003,46.339999999999975,1,1,1.0
117,6,522.2,260.71,105.17999999999995,31.99000000000001,1,1,0.0
117,7,889.3,211.0,70.70000000000005,66.30000000000001,1,1,1.0
118,2,209.68,247.24,91.79000000000002,44.629999999999995,1,1,1.0
118,4,259.9,281.78,376.72,181.02000000000004,1,1,1.0
118,5,264.5,279.35,118.66000000000003,46.329999999999984,1,1,1.0
118,6,507.88,261.56,105.17999999999995,31.980000000000018,1,1,0.0
118,7,885.9,211.0,74.10000000000002,66.30000000000001,1,1,1.0
119,2,209.68,247.24,91.79000000000002,44.629999999999995,1,1,1.0
119,4,233.0,284.31,391.83000000000004,182.69,1,1,1.0
119,5,251.03,281.03,118.66,46.34000000000003,1,1,1.0
119,6,493.57,264.08,105.17000000000002,31.99000000000001,1,1,0.0
119,7,880.0,212.7,76.60000000000002,64.60000000000002,1,1,1.0
120,2,209.68,247.24,91.79000000000002,44.629999999999995,1,1,1.0
120,4,215.3,286.83,395.21999999999997,187.77000000000004,1,1,1.0
120,5,233.34,281.03,118.66,46.34000000000003,1,1,1.0
120,6,481.78,264.08,105.17000000000007,31.99000000000001,1,1,0.0
120,7,871.6,212.7,85.0,67.10000000000002,1,1,1.0
121,2,209.68,247.24,91.79000000000002,44.629999999999995,1,1,1.0
121,4,191.7,293.57,406.19,191.93,1,1,1.0
121,5,216.5,283.56,118.66000000000003,46.339999999999975,1,1,1.0
121,6,464.94,264.08,105.17000000000002,31.99000000000001,1,1,0.0
121,7,871.6,215.2,79.10000000000002,64.60000000000002,1,1,1.0
122,2,209.68,247.24,91.79000000000002,44.629999999999995,1,1,1.0
122,4,166.4,288.52,418.85,197.78000000000003,1,1,1.0
122,5,203.03,287.77,118.66,46.34000000000003,1,1,1.0
122,6,446.4,264.93,108.55000000000007,42.06999999999999,1,1,0.0
122,7,860.7,215.2,90.0,64.60000000000002,1,1,1.0
123,2,209.68,247.24,91.79000000000002,44.629999999999995,1,1,1.0
123,4,145.3,292.73,429.84999999999997,202.87,1,1,1.0
123,5,183.66,283.56,118.66,46.339999999999975,1,1,1.0
123,6,432.93,268.3,108.55000000000001,42.06999999999999,1,1,0.0
123,7,852.28,216.88,90.0,64.60000000000002,1,1,1.0
124,2,209.68,247.24,91.79000000000002,44.629999999999995,1,1,1.0
124,4,118.4,296.94,441.59000000000003,210.45999999999998,1,1,1.0
124,5,166.0,285.24,121.16000000000003,50.56,1,1,1.0
124,6,419.45,268.3,108.56,42.06999999999999,1,1,0.0
124,7,847.23,216.88,90.0,64.60000000000002,1,1,1.0
125,2,209.68,247.24,91.79000000000002,44.629999999999995,1,1,1.0
125,4,89.8,297.78,458.40000000000003,213.82000000000005,1,1,1.0
125,5,153.37,285.24,121.15999999999997,50.56,1,1,1.0
125,6,407.66,267.45,108.56,42.079999999999984,1,1,0.0
125,7,841.33,216.88,90.0,64.60000000000002,1,1,1.0
126,2,209.68,247.24,91.79000000000002,44.629999999999995,1,1,1.0
126,4,60.3,301.99,471.90000000000003,218.01,1,1,1.0
126,5,128.1,286.93,130.42999999999998,53.06999999999999,1,1,1.0
126,6,395.03,267.45,108.56,42.079999999999984,1,1,0.0
126,7,837.12,216.04,90.0,64.6,1,1,1.0
127,2,209.68,247.24,91.79000000000002,44.629999999999995,1,1,1.0
127,4,34.2,301.15,482.84,225.64999999999998,1,1,1.0
127,5,107.89,286.93,130.43,53.06999999999999,1,1,1.0
127,6,378.2,267.45,111.07,46.25,1,1,0.0
127,7,832.07,216.04,90.0,64.6,1,1,1.0
128,2,209.68,247.24,91.79000000000002,44.629999999999995,1,1,1.0
128,4,0.0,304.52,506.1,235.48000000000002,1,1,1.0
128,5,96.1,290.29,130.43,53.079999999999984,1,1,1.0
128,6,359.7,267.45,118.62,48.75,1,1,0.0
128,7,827.02,216.04,90.0,64.6,1,1,1.0
129,2,209.68,247.24,91.79000000000002,44.629999999999995,1,1,1.0
129,4,0.0,312.9,490.1,227.10000000000002,1,1,1.0
129,5,80.1,290.29,130.43,53.079999999999984,1,1,1.0
129,6,346.23,267.45,118.62,48.75,1,1,1.0
129,7,823.65,216.88,90.0,64.60000000000002,1,1,1.0
130,2,209.68,247.24,91.79000000000002,44.629999999999995,1,1,1.0
130,4,0.0,312.9,472.4,227.10000000000002,1,1,1.0
130,5,59.05,292.82,130.43,53.06999999999999,1,1,1.0
130,6,331.91,267.45,118.61999999999995,48.75,1,1,1.0
130,7,816.91,218.57,90.0,64.60000000000002,1,1,1.0
131,2,209.68,247.24,91.79000000000002,44.629999999999995,1,1,1.0
131,4,0.0,313.7,454.7,226.3,1,1,1.0
131,5,37.2,292.82,136.27999999999997,55.579999999999984,1,1,1.0
131,6,314.23,270.82,118.62,48.75,1,1,1.0
131,7,811.02,218.57,90.0,64.60000000000002,1,1,1.0
132,2,209.68,247.24,91.79000000000002,44.629999999999995,1,1,1.0
132,4,0.0,317.9,440.4,222.10000000000002,1,1,1.0
132,5,12.8,292.82,146.35999999999999,58.98000000000002,1,1,1.0
132,6,297.4,272.51,121.98000000000002,53.79000000000002,1,1,1.0
132,7,802.6,218.57,90.0,64.60000000000002,1,1,1.0
133,2,209.68,247.24,91.79000000000002,44.629999999999995,1,1,1.0
133,4,0.0,323.0,423.6,217.0,1,1,1.0
133,5,0.0,295.35,139.79,58.97999999999996,1,1,1.0
133,6,287.29,273.35,121.97999999999996,53.789999999999964,1,1,1.0
133,7,797.5,219.41,90.88999999999999,64.59,1,1,1.0
134,2,209.68,247.24,91.79000000000002,44.629999999999995,1,1,1.0
134,4,0.0,327.2,404.2,212.8,1,1,1.0
134,5,0.0,297.03,120.42,58.98000000000002,1,1,1.0
134,6,268.77,271.66,121.98000000000002,53.799999999999955,1,1,1.0
134,8,681.26,525.98,90.11000000000001,14.019999999999982,1,1,1.0
134,7,789.9,219.41,93.43000000000006,67.98999999999998,1,1,1.0
135,2,209.68,247.24,91.79000000000002,44.629999999999995,1,1,1.0
135,4,0.0,327.2,388.2,212.8,1,1,1.0
135,5,0.0,297.87,104.42,58.98000000000002,1,1,1.0
135,6,256.14,271.66,121.97000000000003,53.799999999999955,1,1,1.0
135,8,689.68,521.77,99.42000000000007,18.230000000000018,1,1,1.0
135,7,783.16,220.25,93.44000000000005,67.99000000000001,1,1,1.0
136,2,209.68,247.24,91.79000000000002,44.629999999999995,1,1,1.0
136,4,0.0,332.3,370.5,207.7,1,1,1.0
136,5,0.84,297.0,82.56,61.54000000000002,1,1,1.0
136,6,231.7,273.35,132.10000000000002,56.349999999999966,1,1,1.0
136,8,689.68,516.7,121.32000000000005,23.299999999999955,1,1,1.0
136,7,778.95,220.25,93.43999999999994,67.99000000000001,1,1,1.0
137,2,209.68,247.24,91.79000000000002,44.629999999999995,1,1,1.0
137,4,0.0,336.5,355.3,203.5,1,1,1.0
137,5,0.84,305.4,66.56,53.14000000000004,1,1,1.0
137,6,217.38,272.51,132.10000000000002,56.35000000000002,1,1,1.0
137,8,689.68,509.1,142.42000000000007,30.899999999999977,1,1,1.0
137,7,768.8,221.09,97.69000000000005,70.51000000000002,1,1,1.0
138,2,209.68,247.24,91.79000000000002,44.629999999999995,1,1,1.0
138,4,0.0,339.9,335.1,200.10000000000002,1,1,1.0
138,5,0.84,306.2,47.16,52.34000000000003,1,1,1.0
138,6,203.07,277.56,132.10000000000002,56.35000000000002,1,1,1.0
138,8,713.3,500.7,133.10000000000002,39.30000000000001,1,1,1.0
138,7,762.06,220.25,97.69000000000005,70.50999999999999,1,1,1.0
139,2,209.68,247.24,91.79000000000002,44.629999999999995,1,1,1.0
139,4,0.0,342.4,317.4,197.60000000000002,1,1,1.0
139,5,0.84,307.0,31.16,51.54000000000002,1,1,1.0
139,6,185.38,277.56,132.10000000000002,56.35000000000002,1,1,1.0
139,8,713.3,499.9,142.4000000000001,40.10000000000002,1,1,1.0
139,7,749.4,223.62,103.62,67.18,1,1,1.0
140,2,209.68,247.24,91.79000000000002,44.629999999999995,1,1,1.0
140,4,0.0,349.1,294.7,190.89999999999998,1,1,1.0
140,5,0.84,311.2,9.26,47.34000000000003,1,1,1.0
140,6,167.7,276.72,132.10000000000002,56.349999999999966,1,1,1.0
140,8,713.3,488.1,152.5,51.89999999999998,1,1,1.0
140,7,743.51,223.62,103.61000000000001,67.18,1,1,1.0
141,2,209.68,247.24,91.79000000000002,44.629999999999995,1,1,1.0
141,4,0.0,354.2,271.1,185.8,1,1,1.0
141,6,157.59,279.24,132.1,56.349999999999966,1,1,1.0
141,8,725.93,488.1,152.5,51.89999999999998,1,1,1.0
141,7,738.45,224.46,103.62,67.17999999999998,1,1,1.0
142,2,209.68,247.24,91.79000000000002,44.629999999999995,1,1,1.0
142,4,0.0,351.7,250.9,188.3,1,1,1.0
142,6,129.8,281.77,140.51999999999998,58.83000000000004,1,1,1.0
142,8,737.72,479.7,142.38,60.30000000000001,1,1,1.0
142,7,730.03,226.15,103.62,67.17999999999998,1,1,1.0
143,2,209.68,247.24,91.79000000000002,44.629999999999995,1,1,1.0
143,4,0.0,357.6,229.0,182.39999999999998,1,1,1.0
143,6,112.96,281.77,140.51999999999998,58.83000000000004,1,1,1.0
143,8,752.04,471.3,136.46000000000004,68.69999999999999,1,1,1.0
143,7,724.14,226.15,103.61000000000001,67.17999999999998,1,1,1.0
144,2,209.68,247.24,91.79000000000002,44.629999999999995,1,1,1.0
144,4,0.0,362.7,204.6,177.3,1,1,1.0
144,6,96.12,280.93,140.51999999999998,58.829999999999984,1,1,1.0
144,8,762.98,471.3,131.41999999999996,68.69999999999999,1,1,1.0
144,7,715.72,226.99,103.61000000000001,67.18,1,1,1.0
145,2,209.68,247.24,91.79000000000002,44.629999999999995,1,1,1.0
145,4,0.0,367.8,182.7,172.2,1,1,1.0
145,6,82.64,281.77,140.52999999999997,58.83000000000004,1,1,1.0
145,8,773.09,463.7,132.20999999999992,76.30000000000001,1,1,1.0
145,7,705.6,226.15,107.84000000000003,68.85,1,1,1.0
146,2,209.68,247.24,91.79000000000002,44.629999999999995,1,1,1.0
146,4,0.0,372.0,154.9,168.0,1,1,1.0
146,6,64.96,285.98,140.51999999999998,58.829999999999984,1,1,1.0
146,8,784.88,459.5,125.51999999999998,80.5,1,1,1.0
146,7,698.86,226.99,107.84000000000003,68.84999999999997,1,1,1.0
147,2,209.68,247.24,91.79000000000002,44.629999999999995,1,1,1.0
147,4,0.0,373.7,133.0,166.3,1,1,1.0
147,6,42.2,286.82,143.07,61.379999999999995,1,1,1.0
147,8,794.14,457.0,121.36000000000001,83.0,1,1,1.0
147,7,689.6,226.1,107.84000000000003,71.42999999999998,1,1,1.0
148,2,209.68,247.24,91.79000000000002,44.629999999999995,1,1,1.0
148,4,0.0,380.4,106.1,159.60000000000002,1,1,1.0
148,6,26.2,288.5,143.07000000000002,61.379999999999995,1,1,1.0
148,8,801.72,449.4,121.38,90.60000000000002,1,1,1.0
148,7,683.71,226.1,107.82999999999993,71.42999999999998,1,1,1.0
149,2,209.68,247.24,91.79000000000002,44.629999999999995,1,1,1.0
149,4,0.0,382.1,72.4,157.89999999999998,1,1,1.0
149,6,26.2,288.5,127.89999999999999,61.379999999999995,1,1,1.0
149,8,808.46,446.9,121.33999999999992,88.05000000000007,1,1,1.0
149,7,676.13,226.94,107.83000000000004,71.43,1,1,1.0
150,2,209.68,247.24,91.79000000000002,44.629999999999995,1,1,1.0
150,4,0.0,394.7,53.0,145.3,1,1,1.0
150,6,26.2,288.5,110.2,61.379999999999995,1,1,1.0
150,8,820.25,441.85,121.34000000000003,88.03999999999996,1,1,1.0
150,7,667.71,227.78,107.82999999999993,71.42999999999998,1,1,1.0
151,2,209.68,247.24,91.79000000000002,44.629999999999995,1,1,1.0
151,4,0.0,405.6,21.8,134.39999999999998,1,1,1.0
151,6,26.2,288.5,95.0,61.379999999999995,1,1,1.0
151,8,822.77,435.95,121.34000000000003,88.05000000000001,1,1,1.0
151,7,652.5,227.78,114.62,73.11999999999998,1,1,1.0
152,2,209.68,247.24,91.79000000000002,44.629999999999995,1,1,1.0
152,6,26.2,288.5,74.8,61.379999999999995,1,1,1.0
152,8,831.19,432.58,121.34999999999991,88.05000000000001,1,1,1.0
152,7,645.76,227.78,114.63,73.11999999999998,1,1,1.0
153,2,209.68,247.24,91.79000000000002,44.629999999999995,1,1,1.0
153,6,26.2,288.5,60.5,61.379999999999995,1,1,1.0
153,8,837.93,427.53,121.34000000000003,88.05000000000007,1,1,1.0
153,7,639.87,228.62,114.62,73.12,1,1,1.0
154,2,209.68,247.24,91.79000000000002,44.629999999999995,1,1,1.0
154,6,26.2,288.5,42.0,61.379999999999995,1,1,1.0
154,8,851.4,421.64,108.60000000000002,87.16000000000003,1,1,1.0
154,7,628.92,228.62,114.62,73.12,1,1,1.0
155,2,209.68,247.24,91.79000000000002,44.629999999999995,1,1,1.0
155,6,26.2,288.5,23.500000000000004,61.379999999999995,1,1,1.0
155,8,861.5,421.64,98.5,77.86000000000001,1,1,1.0
155,7,613.8,227.78,121.32000000000005,76.52000000000001,1,1,1.0
156,2,209.68,247.24,91.79000000000002,44.629999999999995,1,1,1.0
156,8,866.6,416.6,93.39999999999998,80.39999999999998,1,1,1.0
156,7,607.06,228.63,121.33000000000004,76.50999999999999,1,1,1.0
157,2,209.68,247.24,91.79000000000002,44.629999999999995,1,1,1.0
157,8,867.44,414.92,92.55999999999995,80.39999999999998,1,1,1.0
157,7,596.96,228.63,121.31999999999994,76.50999999999999,1,1,1.0
158,2,209.68,247.24,91.79000000000002,44.629999999999995,1,1,1.0
158,8,880.9,409.86,79.10000000000002,79.53999999999996,1,1,1.0
158,7,588.54,228.63,121.32000000000005,76.50999999999999,1,1,1.0
159,2,209.68,247.24,91.79000000000002,44.629999999999995,1,1,1.0
159,8,887.6,409.86,72.39999999999998,75.33999999999997,1,1,1.0
159,7,579.27,231.99,121.33000000000004,76.51999999999998,1,1,1.0
160,2,209.68,247.24,91.79000000000002,44.629999999999995,1,1,1.0
160,8,891.8,404.0,68.20000000000005,75.30000000000001,1,1,1.0
160,7,569.17,230.31,121.32000000000005,76.51999999999998,1,1,1.0
161,2,209.68,247.24,91.79000000000002,44.629999999999995,1,1,1.0
161,8,900.2,398.95,59.799999999999955,76.94999999999999,1,1,1.0
161,7,560.75,230.31,121.32000000000005,76.51999999999998,1,1,1.0
162,2,209.68,247.24,91.79000000000002,44.629999999999995,1,1,1.0
162,8,907.8,398.95,52.200000000000045,66.85000000000002,1,1,1.0
162,7,551.48,230.31,121.32999999999993,76.51999999999998,1,1,1.0
163,2,209.68,247.24,91.79000000000002,44.629999999999995,1,1,1.0
163,8,911.2,398.95,48.799999999999955,66.85000000000002,1,1,1.0
163,7,541.38,230.31,121.32000000000005,76.51999999999998,1,1,1.0
164,2,209.68,247.24,91.79000000000002,44.629999999999995,1,1,1.0
164,8,916.3,393.05,43.700000000000045,66.84999999999997,1,1,1.0
164,7,532.96,231.15,121.31999999999994,76.52000000000001,1,1,1.0
165,2,209.68,247.24,91.79000000000002,44.629999999999995,1,1,1.0
165,8,923.9,393.05,36.10000000000002,63.44999999999999,1,1,1.0
165,7,520.33,231.15,121.31999999999994,76.52000000000001,1,1,1.0
166,2,209.68,247.24,91.79000000000002,44.629999999999995,1,1,1.0
166,8,928.1,387.2,31.899999999999977,60.900000000000034,1,1,1.0
166,7,498.4,235.36,133.14,76.53999999999996,1,1,1.0
167,2,209.68,247.24,91.79000000000002,44.629999999999995,1,1,1.0
167,8,934.0,387.2,26.0,61.69999999999999,1,1,1.0
167,7,489.98,235.36,133.14,76.53999999999996,1,1,1.0
168,2,209.68,247.24,91.79000000000002,44.629999999999995,1,1,1.0
168,8,939.1,387.2,20.899999999999977,60.900000000000034,1,1,1.0
168,7,477.35,235.36,133.14,76.53999999999996,1,1,1.0
169,2,209.68,247.24,91.79000000000002,44.629999999999995,1,1,1.0
169,8,945.8,387.2,14.200000000000045,59.19999999999999,1,1,1.0
169,7,468.08,236.21,133.15000000000003,76.53,1,1,1.0
170,2,209.68,247.24,91.79000000000002,44.629999999999995,1,1,1.0
170,8,948.3,393.1,11.700000000000045,40.69999999999999,1,1,1.0
170,7,459.66,238.73,133.14999999999992,76.53999999999999,1,1,1.0
171,2,209.68,247.24,91.79000000000002,44.629999999999995,1,1,1.0
171,7,447.03,237.89,133.14999999999998,76.54000000000002,1,1,1.0
172,2,209.68,247.24,91.79000000000002,44.629999999999995,1,1,1.0
172,7,436.09,237.89,133.14000000000004,76.54000000000002,1,1,1.0
173,2,209.68,247.24,91.79000000000002,44.629999999999995,1,1,1.0
173,7,418.4,237.89,140.72000000000003,80.71000000000004,1,1,1.0
174,2,209.68,247.24,91.79000000000002,44.629999999999995,1,1,1.0
174,7,407.45,238.73,140.72999999999996,80.71000000000001,1,1,1.0
175,2,209.68,247.24,91.79000000000002,44.629999999999995,1,1,1.0
175,7,399.03,238.73,140.73000000000002,80.71000000000001,1,1,1.0
176,2,209.68,247.24,91.79000000000002,44.629999999999995,1,1,1.0
176,7,387.24,238.73,140.73000000000002,80.71000000000001,1,1,1.0
177,2,209.68,247.24,91.79000000000002,44.629999999999995,1,1,1.0
177,7,375.45,237.89,140.72999999999996,80.71000000000004,1,1,1.0
178,2,209.68,247.24,91.79000000000002,44.629999999999995,1,1,1.0
178,7,366.19,237.89,140.72000000000003,80.71000000000004,1,1,1.0
179,2,209.68,247.24,91.79000000000002,44.629999999999995,1,1,1.0
179,7,354.4,237.89,140.72000000000003,80.71000000000004,1,1,1.0
180,2,209.68,247.24,91.79000000000002,44.629999999999995,1,1,1.0
180,7,343.45,239.57,140.73000000000002,80.70999999999998,1,1,1.0
181,2,209.68,247.24,91.79000000000002,44.629999999999995,1,1,1.0
181,7,332.5,239.57,140.73000000000002,80.70999999999998,1,1,1.0
182,2,209.68,247.24,91.79000000000002,44.629999999999995,1,1,1.0
182,7,322.4,237.05,140.72000000000003,80.70999999999998,1,1,1.0
183,2,209.68,247.24,91.79000000000002,44.629999999999995,1,1,1.0
183,7,311.45,237.05,140.73000000000002,80.70999999999998,1,1,1.0
184,2,209.68,247.24,91.79000000000002,44.629999999999995,1,1,1.0
184,7,303.03,241.26,140.73000000000002,80.71000000000004,1,1,1.0
185,2,209.68,247.24,91.79000000000002,44.629999999999995,1,1,1.0
185,7,287.87,241.26,140.73000000000002,80.71000000000004,1,1,1.0
186,2,209.68,247.24,91.79000000000002,44.629999999999995,1,1,1.0
186,7,280.29,241.26,140.72999999999996,80.71000000000004,1,1,1.0
187,2,209.68,247.24,91.79000000000002,44.629999999999995,1,1,1.0
187,7,267.66,240.42,140.72999999999996,80.71000000000001,1,1,1.0
188,2,209.68,247.24,91.79000000000002,44.629999999999995,1,1,1.0
188,7,251.7,240.42,146.57999999999998,88.28,1,1,1.0
189,2,209.68,247.24,91.79000000000002,44.629999999999995,1,1,1.0
189,7,241.59,242.94,146.59,88.29000000000002,1,1,1.0
190,2,209.68,247.24,91.79000000000002,44.629999999999995,1,1,1.0
190,7,231.49,241.26,146.57999999999998,88.28000000000003,1,1,1.0
